arm	base	seed	elapsed_season	opening_cc	cc_in	cc_out	cc_pre_rollover	cc_post_rollover	power_pre_rollover	power_post_rollover	tier_pre_rollover	tier_post_rollover
no_harness	9001	9001	1	8	81	39	48	50	49	49	0	1
no_harness	9001	9001	2	50	75	83	49	42	51	51	1	0
no_harness	9001	9001	3	42	101	98	48	45	54	54	0	1
no_harness	9001	9001	4	45	133	137	47	41	58	58	1	2
no_harness	9001	9001	5	41	161	163	59	39	63	63	2	2
no_harness	9001	9001	6	39	181	165	63	55	68	68	2	2
no_harness	9001	9001	7	55	224	227	66	52	72	72	2	3
no_harness	9001	9001	8	52	261	262	82	51	76	76	3	3
no_harness	9001	9001	9	51	395	356	111	90	79	79	3	3
no_harness	9001	9001	10	90	404	409	106	85	83	83	3	3
no_harness	9001	9001	11	85	418	381	121	122	86	86	3	3
no_harness	9001	9001	12	122	527	474	196	175	92	92	3	3
no_harness	9001	9001	13	175	466	568	95	73	93	91	3	3
no_harness	9001	9001	14	73	425	358	161	140	94	94	3	3
no_harness	9001	9001	15	140	596	527	227	209	95	94	3	3
no_harness	9001	9001	16	209	703	758	173	154	95	94	3	3
no_harness	9001	9001	17	154	479	476	176	157	95	94	3	3
no_harness	9001	9001	18	157	455	358	273	254	96	95	3	3
no_harness	9001	9001	19	254	492	440	324	306	96	94	3	3
no_harness	9001	9001	20	306	489	666	148	129	95	94	3	3
harness_first	9001	9001	1	8	81	42	46	47	49	49	0	1
harness_first	9001	9001	2	47	78	94	40	31	52	52	1	0
harness_first	9001	9001	3	31	112	98	50	45	55	55	0	1
harness_first	9001	9001	4	45	152	152	53	45	59	59	1	2
harness_first	9001	9001	5	45	208	206	66	47	64	64	2	2
harness_first	9001	9001	6	47	255	246	72	56	73	73	2	2
harness_first	9001	9001	7	56	293	279	86	70	78	78	2	2
harness_first	9001	9001	8	70	372	376	87	66	81	80	2	3
harness_first	9001	9001	9	66	421	428	89	59	84	84	3	3
harness_first	9001	9001	10	59	533	526	86	66	89	89	3	3
harness_first	9001	9001	11	66	454	383	165	137	91	90	3	3
harness_first	9001	9001	12	137	535	560	133	112	94	93	3	3
harness_first	9001	9001	13	112	536	582	87	66	95	94	3	3
harness_first	9001	9001	14	66	567	457	197	176	95	95	3	3
harness_first	9001	9001	15	176	634	497	335	313	95	95	3	3
harness_first	9001	9001	16	313	664	646	353	331	95	95	3	3
harness_first	9001	9001	17	331	631	717	268	245	96	92	3	3
harness_first	9001	9001	18	245	621	593	297	273	96	96	3	3
harness_first	9001	9001	19	273	650	707	241	216	97	96	3	3
harness_first	9001	9001	20	216	685	698	224	203	96	93	3	3
development_first	9001	9001	1	8	81	42	46	47	49	49	0	1
development_first	9001	9001	2	47	78	94	40	31	52	52	1	0
development_first	9001	9001	3	31	112	98	50	45	55	55	0	1
development_first	9001	9001	4	45	152	151	54	46	59	59	1	2
development_first	9001	9001	5	46	207	204	68	49	65	65	2	2
development_first	9001	9001	6	49	255	251	69	53	73	73	2	2
development_first	9001	9001	7	53	293	279	83	67	78	78	2	2
development_first	9001	9001	8	67	373	376	85	64	81	81	2	3
development_first	9001	9001	9	64	420	427	87	57	85	84	3	3
development_first	9001	9001	10	57	534	519	92	72	90	90	3	3
development_first	9001	9001	11	72	559	480	176	151	92	92	3	3
development_first	9001	9001	12	151	556	607	121	100	95	94	3	3
development_first	9001	9001	13	100	653	599	176	154	95	94	3	3
development_first	9001	9001	14	154	631	507	301	278	95	94	3	3
development_first	9001	9001	15	278	656	732	225	202	95	95	3	3
development_first	9001	9001	16	202	541	516	250	227	95	95	3	3
development_first	9001	9001	17	227	567	632	185	162	96	93	3	3
development_first	9001	9001	18	162	657	595	248	224	96	90	3	3
development_first	9001	9001	19	224	395	549	94	70	96	96	3	3
development_first	9001	9001	20	70	639	435	299	274	96	96	3	3
no_harness	9001	16920	1	8	79	46	39	41	50	50	0	1
no_harness	9001	16920	2	41	77	74	51	44	51	52	1	0
no_harness	9001	16920	3	44	65	62	52	47	53	54	0	1
no_harness	9001	16920	4	47	97	97	58	47	56	56	1	1
no_harness	9001	16920	5	47	152	151	52	48	59	59	1	2
no_harness	9001	16920	6	48	213	202	74	59	64	65	2	3
no_harness	9001	16920	7	59	250	257	79	52	70	70	3	3
no_harness	9001	16920	8	52	317	306	81	63	75	75	3	3
no_harness	9001	16920	9	63	291	301	79	53	79	79	3	3
no_harness	9001	16920	10	53	281	267	83	67	85	86	3	3
no_harness	9001	16920	11	67	403	312	178	158	89	89	3	3
no_harness	9001	16920	12	158	441	528	91	71	92	92	3	3
no_harness	9001	16920	13	71	412	410	93	73	92	92	3	3
no_harness	9001	16920	14	73	523	424	193	172	94	94	3	3
no_harness	9001	16920	15	172	572	542	224	202	95	94	3	3
no_harness	9001	16920	16	202	492	527	184	167	95	94	3	3
no_harness	9001	16920	17	167	475	481	179	161	95	90	3	3
no_harness	9001	16920	18	161	546	531	194	176	94	94	3	3
no_harness	9001	16920	19	176	525	544	176	157	94	94	3	3
no_harness	9001	16920	20	157	532	488	220	201	94	94	3	3
harness_first	9001	16920	1	8	79	50	36	37	50	50	0	1
harness_first	9001	16920	2	37	78	77	47	38	51	52	1	0
harness_first	9001	16920	3	38	82	72	55	48	54	54	0	1
harness_first	9001	16920	4	48	106	122	45	32	57	57	1	1
harness_first	9001	16920	5	32	183	178	44	37	59	59	1	2
harness_first	9001	16920	6	37	315	292	76	60	67	68	2	3
harness_first	9001	16920	7	60	312	318	83	54	73	73	3	2
harness_first	9001	16920	8	54	285	276	89	63	76	75	2	3
harness_first	9001	16920	9	63	454	422	116	95	80	80	3	3
harness_first	9001	16920	10	95	459	486	89	68	84	84	3	3
harness_first	9001	16920	11	68	601	494	198	175	92	92	3	3
harness_first	9001	16920	12	175	680	666	209	189	94	94	3	3
harness_first	9001	16920	13	189	533	656	87	66	95	94	3	3
harness_first	9001	16920	14	66	671	431	328	306	95	93	3	3
harness_first	9001	16920	15	306	666	694	301	278	95	95	3	3
harness_first	9001	16920	16	278	606	634	272	250	95	95	3	3
harness_first	9001	16920	17	250	602	546	329	306	96	95	3	3
harness_first	9001	16920	18	306	596	635	291	267	96	95	3	3
harness_first	9001	16920	19	267	636	472	455	431	96	91	3	3
harness_first	9001	16920	20	431	531	806	180	156	95	95	3	3
development_first	9001	16920	1	8	79	50	36	37	50	50	0	1
development_first	9001	16920	2	37	78	77	47	38	51	52	1	0
development_first	9001	16920	3	38	82	79	48	41	54	54	0	1
development_first	9001	16920	4	41	106	113	47	34	57	57	1	1
development_first	9001	16920	5	34	176	159	57	51	61	61	1	2
development_first	9001	16920	6	51	232	229	74	54	68	70	2	3
development_first	9001	16920	7	54	299	302	82	51	75	75	3	3
development_first	9001	16920	8	51	353	351	82	53	78	76	3	3
development_first	9001	16920	9	53	399	387	86	65	83	83	3	3
development_first	9001	16920	10	65	463	458	91	70	89	89	3	3
development_first	9001	16920	11	70	506	489	108	87	93	93	3	3
development_first	9001	16920	12	87	665	511	263	241	95	94	3	3
development_first	9001	16920	13	241	751	742	272	250	94	93	3	3
development_first	9001	16920	14	250	436	613	95	73	94	93	3	3
development_first	9001	16920	15	73	628	502	222	199	96	95	3	3
development_first	9001	16920	16	199	679	532	370	346	96	95	3	3
development_first	9001	16920	17	346	493	586	278	253	96	95	3	3
development_first	9001	16920	18	253	531	558	247	226	96	96	3	3
development_first	9001	16920	19	226	564	566	245	224	96	96	3	3
development_first	9001	16920	20	224	552	502	294	274	97	96	3	3
no_harness	9001	24839	1	8	67	33	39	42	51	50	0	1
no_harness	9001	24839	2	42	73	82	39	33	53	53	1	0
no_harness	9001	24839	3	33	85	81	43	37	54	54	0	1
no_harness	9001	24839	4	37	146	123	67	60	56	56	1	2
no_harness	9001	24839	5	60	219	229	65	50	62	62	2	2
no_harness	9001	24839	6	50	258	259	67	49	68	69	2	3
no_harness	9001	24839	7	49	243	246	74	46	74	74	3	2
no_harness	9001	24839	8	46	241	235	70	52	79	79	2	3
no_harness	9001	24839	9	52	291	291	81	52	84	84	3	3
no_harness	9001	24839	10	52	375	331	115	96	87	88	3	3
no_harness	9001	24839	11	96	422	396	141	122	92	92	3	3
no_harness	9001	24839	12	122	523	480	185	165	94	94	3	3
no_harness	9001	24839	13	165	483	495	174	153	94	94	3	3
no_harness	9001	24839	14	153	493	518	149	128	95	93	3	3
no_harness	9001	24839	15	128	443	496	96	75	94	93	3	3
no_harness	9001	24839	16	75	502	409	189	168	93	93	3	3
no_harness	9001	24839	17	168	364	461	92	71	93	93	3	3
no_harness	9001	24839	18	71	503	439	156	135	95	95	3	3
no_harness	9001	24839	19	135	507	536	123	106	95	95	3	3
no_harness	9001	24839	20	106	460	465	123	101	95	95	3	3
harness_first	9001	24839	1	8	67	38	35	37	51	51	0	1
harness_first	9001	24839	2	37	74	66	51	45	53	53	1	0
harness_first	9001	24839	3	45	105	102	55	48	54	54	0	1
harness_first	9001	24839	4	48	158	155	61	51	57	57	1	2
harness_first	9001	24839	5	51	239	235	72	55	61	61	2	2
harness_first	9001	24839	6	55	285	289	69	51	67	67	2	3
harness_first	9001	24839	7	51	284	289	75	46	73	73	3	2
harness_first	9001	24839	8	46	272	259	79	59	77	74	2	3
harness_first	9001	24839	9	59	340	351	78	48	82	82	3	3
harness_first	9001	24839	10	48	527	398	199	177	88	87	3	3
harness_first	9001	24839	11	177	564	577	186	164	93	92	3	3
harness_first	9001	24839	12	164	647	596	238	215	95	95	3	3
harness_first	9001	24839	13	215	641	605	275	251	95	93	3	3
harness_first	9001	24839	14	251	503	688	90	66	96	94	3	3
harness_first	9001	24839	15	66	640	430	296	276	96	92	3	3
harness_first	9001	24839	16	276	561	685	177	152	95	93	3	3
harness_first	9001	24839	17	152	612	590	195	174	95	95	3	3
harness_first	9001	24839	18	174	585	604	176	155	95	95	3	3
harness_first	9001	24839	19	155	548	539	185	164	96	97	3	3
harness_first	9001	24839	20	164	498	445	238	217	97	96	3	3
development_first	9001	24839	1	8	67	38	35	37	51	51	0	1
development_first	9001	24839	2	37	74	66	51	45	53	53	1	0
development_first	9001	24839	3	45	104	104	52	45	54	54	0	1
development_first	9001	24839	4	45	155	150	60	50	58	58	1	2
development_first	9001	24839	5	50	241	233	73	58	63	63	2	2
development_first	9001	24839	6	58	288	292	72	54	69	69	2	3
development_first	9001	24839	7	54	289	303	76	40	75	75	3	3
development_first	9001	24839	8	40	402	391	70	51	81	76	3	3
development_first	9001	24839	9	51	472	460	87	63	86	86	3	3
development_first	9001	24839	10	63	631	505	213	189	90	90	3	3
development_first	9001	24839	11	189	503	626	91	66	93	93	3	3
development_first	9001	24839	12	66	595	443	242	218	95	95	3	3
development_first	9001	24839	13	218	780	815	203	183	95	95	3	3
development_first	9001	24839	14	183	623	615	212	191	95	95	3	3
development_first	9001	24839	15	191	644	618	238	217	96	95	3	3
development_first	9001	24839	16	217	597	605	230	209	95	95	3	3
development_first	9001	24839	17	209	633	587	276	255	96	96	3	3
development_first	9001	24839	18	255	644	637	283	262	96	95	3	3
development_first	9001	24839	19	262	657	668	272	251	97	96	3	3
development_first	9001	24839	20	251	643	549	367	345	97	95	3	3
no_harness	5150	5150	1	8	55	33	29	30	51	51	0	1
no_harness	5150	5150	2	30	88	82	40	36	52	52	1	1
no_harness	5150	5150	3	36	98	81	55	53	51	51	1	1
no_harness	5150	5150	4	53	138	128	66	63	54	54	1	1
no_harness	5150	5150	5	63	187	197	60	53	58	58	1	2
no_harness	5150	5150	6	53	169	173	68	49	61	61	2	1
no_harness	5150	5150	7	49	168	167	60	50	64	64	1	2
no_harness	5150	5150	8	50	210	199	72	61	68	68	2	2
no_harness	5150	5150	9	61	205	210	74	56	72	72	2	3
no_harness	5150	5150	10	56	268	272	80	52	78	78	3	3
no_harness	5150	5150	11	52	296	283	81	65	80	80	3	3
no_harness	5150	5150	12	65	347	316	116	96	84	84	3	3
no_harness	5150	5150	13	96	327	362	94	61	89	88	3	3
no_harness	5150	5150	14	61	548	421	187	188	88	88	3	3
no_harness	5150	5150	15	188	485	600	94	73	91	91	3	3
no_harness	5150	5150	16	73	498	396	196	175	91	91	3	3
no_harness	5150	5150	17	175	450	519	127	106	94	94	3	3
no_harness	5150	5150	18	106	532	469	187	169	94	92	3	3
no_harness	5150	5150	19	169	595	595	188	169	94	94	3	3
no_harness	5150	5150	20	169	533	535	186	167	95	95	3	3
harness_first	5150	5150	1	8	53	23	38	38	51	51	0	1
harness_first	5150	5150	2	38	84	86	40	36	54	54	1	1
harness_first	5150	5150	3	36	75	83	41	28	54	54	1	1
harness_first	5150	5150	4	28	136	120	58	44	56	56	1	2
harness_first	5150	5150	5	44	223	220	69	47	61	60	2	2
harness_first	5150	5150	6	47	252	242	76	57	66	67	2	3
harness_first	5150	5150	7	57	366	363	84	60	74	74	3	3
harness_first	5150	5150	8	60	351	359	79	52	79	79	3	3
harness_first	5150	5150	9	52	459	339	191	172	85	85	3	3
harness_first	5150	5150	10	172	556	537	215	191	90	90	3	3
harness_first	5150	5150	11	191	727	724	215	194	94	94	3	3
harness_first	5150	5150	12	194	582	586	210	190	95	95	3	3
harness_first	5150	5150	13	190	699	643	271	246	95	95	3	3
harness_first	5150	5150	14	246	702	745	228	203	96	96	3	3
harness_first	5150	5150	15	203	651	628	246	226	96	96	3	3
harness_first	5150	5150	16	226	529	536	240	219	96	96	3	3
harness_first	5150	5150	17	219	713	645	309	287	96	94	3	3
harness_first	5150	5150	18	287	605	593	321	299	96	95	3	3
harness_first	5150	5150	19	299	702	641	383	360	96	96	3	3
harness_first	5150	5150	20	360	614	769	229	205	96	96	3	3
development_first	5150	5150	1	8	53	23	38	38	51	51	0	1
development_first	5150	5150	2	38	84	86	40	36	54	54	1	1
development_first	5150	5150	3	36	75	83	41	28	54	54	1	1
development_first	5150	5150	4	28	126	118	47	36	56	56	1	1
development_first	5150	5150	5	36	169	165	46	40	59	59	1	1
development_first	5150	5150	6	40	169	152	64	57	63	63	1	2
development_first	5150	5150	7	57	285	281	81	61	68	68	2	3
development_first	5150	5150	8	61	341	349	87	53	73	73	3	2
development_first	5150	5150	9	53	386	372	92	67	79	79	2	3
development_first	5150	5150	10	67	485	445	130	107	84	84	3	3
development_first	5150	5150	11	107	460	503	87	64	91	91	3	3
development_first	5150	5150	12	64	562	504	148	122	93	92	3	3
development_first	5150	5150	13	122	692	619	223	195	95	94	3	3
development_first	5150	5150	14	195	650	603	263	242	94	94	3	3
development_first	5150	5150	15	242	541	619	184	164	94	94	3	3
development_first	5150	5150	16	164	467	567	89	64	95	94	3	3
development_first	5150	5150	17	64	610	348	346	326	95	95	3	3
development_first	5150	5150	18	326	483	728	106	81	95	95	3	3
development_first	5150	5150	19	81	539	362	278	258	96	95	3	3
development_first	5150	5150	20	258	651	603	327	306	95	95	3	3
no_harness	5150	13069	1	8	54	29	29	33	51	51	0	0
no_harness	5150	13069	2	33	78	78	34	33	51	51	0	1
no_harness	5150	13069	3	33	117	112	48	38	54	53	1	2
no_harness	5150	13069	4	38	199	183	73	54	61	61	2	2
no_harness	5150	13069	5	54	185	183	72	56	66	66	2	2
no_harness	5150	13069	6	56	231	236	67	51	68	68	2	3
no_harness	5150	13069	7	51	286	277	78	60	75	75	3	3
no_harness	5150	13069	8	60	344	334	84	70	81	81	3	3
no_harness	5150	13069	9	70	310	321	76	59	86	86	3	3
no_harness	5150	13069	10	59	300	292	82	67	92	91	3	3
no_harness	5150	13069	11	67	421	351	156	137	95	94	3	3
no_harness	5150	13069	12	137	498	461	193	174	94	94	3	3
no_harness	5150	13069	13	174	459	472	180	161	94	94	3	3
no_harness	5150	13069	14	161	510	530	160	141	93	92	3	3
no_harness	5150	13069	15	141	479	481	158	139	93	93	3	3
no_harness	5150	13069	16	139	558	490	227	207	95	94	3	3
no_harness	5150	13069	17	207	470	590	107	87	95	94	3	3
no_harness	5150	13069	18	87	507	397	218	197	94	94	3	3
no_harness	5150	13069	19	197	567	580	205	184	94	92	3	3
no_harness	5150	13069	20	184	468	567	107	85	95	94	3	3
harness_first	5150	13069	1	8	52	19	38	41	51	51	0	0
harness_first	5150	13069	2	41	69	74	36	36	51	51	0	1
harness_first	5150	13069	3	36	102	86	60	52	54	53	1	2
harness_first	5150	13069	4	52	147	154	62	45	60	60	2	2
harness_first	5150	13069	5	45	160	148	74	57	64	64	2	2
harness_first	5150	13069	6	57	160	172	69	45	68	68	2	2
harness_first	5150	13069	7	45	272	246	87	71	73	73	2	2
harness_first	5150	13069	8	71	308	311	90	68	80	79	2	3
harness_first	5150	13069	9	68	437	400	129	105	85	85	3	3
harness_first	5150	13069	10	105	620	570	180	155	91	91	3	3
harness_first	5150	13069	11	155	579	544	210	190	92	92	3	3
harness_first	5150	13069	12	190	532	648	95	74	94	94	3	3
harness_first	5150	13069	13	74	520	439	176	155	95	94	3	3
harness_first	5150	13069	14	155	681	637	220	199	95	94	3	3
harness_first	5150	13069	15	199	462	553	129	108	95	94	3	3
harness_first	5150	13069	16	108	536	581	85	63	96	95	3	3
harness_first	5150	13069	17	63	553	506	132	110	95	95	3	3
harness_first	5150	13069	18	110	641	489	284	262	95	94	3	3
harness_first	5150	13069	19	262	651	635	301	278	95	92	3	3
harness_first	5150	13069	20	278	596	717	180	157	96	95	3	3
development_first	5150	13069	1	8	52	19	38	41	51	51	0	0
development_first	5150	13069	2	41	69	74	36	36	51	51	0	1
development_first	5150	13069	3	36	102	89	57	49	54	54	1	2
development_first	5150	13069	4	49	170	176	60	43	61	61	2	3
development_first	5150	13069	5	43	244	241	76	46	65	65	3	2
development_first	5150	13069	6	46	189	195	64	40	67	67	2	2
development_first	5150	13069	7	40	238	218	78	60	71	71	2	2
development_first	5150	13069	8	60	351	346	85	65	78	78	2	2
development_first	5150	13069	9	65	361	367	87	59	81	80	2	3
development_first	5150	13069	10	59	640	512	208	187	86	86	3	3
development_first	5150	13069	11	187	606	602	211	191	91	91	3	3
development_first	5150	13069	12	191	589	664	137	116	93	93	3	3
development_first	5150	13069	13	116	651	573	215	194	94	94	3	3
development_first	5150	13069	14	194	673	649	240	218	95	95	3	3
development_first	5150	13069	15	218	601	541	300	278	95	95	3	3
development_first	5150	13069	16	278	599	597	302	280	96	95	3	3
development_first	5150	13069	17	280	580	701	176	159	96	95	3	3
development_first	5150	13069	18	159	617	550	242	226	96	96	3	3
development_first	5150	13069	19	226	604	650	195	180	96	96	3	3
development_first	5150	13069	20	180	631	616	209	195	95	96	3	3
no_harness	5150	20988	1	8	51	28	27	31	51	51	0	1
no_harness	5150	20988	2	31	56	53	42	34	51	51	1	1
no_harness	5150	20988	3	34	72	71	41	35	54	54	1	2
no_harness	5150	20988	4	35	109	100	59	44	56	56	2	2
no_harness	5150	20988	5	44	144	148	58	40	61	61	2	2
no_harness	5150	20988	6	40	189	180	63	49	66	66	2	3
no_harness	5150	20988	7	49	185	182	78	52	70	70	3	2
no_harness	5150	20988	8	52	228	218	73	62	74	74	2	2
no_harness	5150	20988	9	62	280	290	70	52	77	77	2	3
no_harness	5150	20988	10	52	347	322	98	77	82	83	3	3
no_harness	5150	20988	11	77	369	371	96	75	88	88	3	3
no_harness	5150	20988	12	75	501	401	196	175	91	91	3	3
no_harness	5150	20988	13	175	507	558	145	124	91	91	3	3
no_harness	5150	20988	14	124	476	503	119	97	92	92	3	3
no_harness	5150	20988	15	97	503	493	125	107	94	93	3	3
no_harness	5150	20988	16	107	518	548	96	77	95	94	3	3
no_harness	5150	20988	17	77	471	379	188	169	94	92	3	3
no_harness	5150	20988	18	169	475	541	123	103	95	90	3	3
no_harness	5150	20988	19	103	510	470	163	143	95	95	3	3
no_harness	5150	20988	20	143	572	543	193	172	94	94	3	3
harness_first	5150	20988	1	8	51	28	27	31	51	51	0	1
harness_first	5150	20988	2	31	56	60	37	27	52	52	1	1
harness_first	5150	20988	3	27	74	65	44	36	53	53	1	2
harness_first	5150	20988	4	36	118	113	58	41	55	55	2	2
harness_first	5150	20988	5	41	163	159	63	45	59	59	2	2
harness_first	5150	20988	6	45	214	205	74	54	67	67	2	3
harness_first	5150	20988	7	54	250	250	83	54	71	71	3	2
harness_first	5150	20988	8	54	305	299	75	60	75	75	2	2
harness_first	5150	20988	9	60	336	332	87	64	79	78	2	3
harness_first	5150	20988	10	64	556	477	165	143	84	84	3	3
harness_first	5150	20988	11	143	481	555	91	69	88	88	3	3
harness_first	5150	20988	12	69	565	450	206	184	92	91	3	3
harness_first	5150	20988	13	184	661	748	120	97	93	93	3	3
harness_first	5150	20988	14	97	478	463	135	112	94	94	3	3
harness_first	5150	20988	15	112	605	472	267	245	95	93	3	3
harness_first	5150	20988	16	245	624	626	266	243	95	94	3	3
harness_first	5150	20988	17	243	631	626	272	248	96	96	3	3
harness_first	5150	20988	18	248	554	586	240	216	96	93	3	3
harness_first	5150	20988	19	216	488	592	136	112	96	96	3	3
harness_first	5150	20988	20	112	631	487	280	256	97	96	3	3
development_first	5150	20988	1	8	51	28	27	31	51	51	0	1
development_first	5150	20988	2	31	56	60	37	27	52	52	1	1
development_first	5150	20988	3	27	74	65	44	36	53	53	1	2
development_first	5150	20988	4	36	118	113	58	41	55	55	2	2
development_first	5150	20988	5	41	163	160	62	44	59	59	2	2
development_first	5150	20988	6	44	214	205	73	53	67	67	2	3
development_first	5150	20988	7	53	250	255	77	48	71	71	3	2
development_first	5150	20988	8	48	305	293	75	60	75	75	2	2
development_first	5150	20988	9	60	336	338	81	58	79	78	2	3
development_first	5150	20988	10	58	556	471	165	143	85	85	3	3
development_first	5150	20988	11	143	481	558	88	66	88	88	3	3
development_first	5150	20988	12	66	565	448	205	183	92	92	3	3
development_first	5150	20988	13	183	661	738	129	106	94	93	3	3
development_first	5150	20988	14	106	478	473	134	111	94	94	3	3
development_first	5150	20988	15	111	627	495	243	243	95	93	3	3
development_first	5150	20988	16	243	624	693	197	174	95	94	3	3
development_first	5150	20988	17	174	631	525	304	280	96	94	3	3
development_first	5150	20988	18	280	459	631	134	108	95	94	3	3
development_first	5150	20988	19	108	499	521	110	86	97	96	3	3
development_first	5150	20988	20	86	522	425	206	183	96	96	3	3
no_harness	2718	2718	1	8	51	25	30	34	51	51	0	1
no_harness	2718	2718	2	34	77	68	48	43	52	52	1	1
no_harness	2718	2718	3	43	86	86	52	43	54	54	1	1
no_harness	2718	2718	4	43	138	135	52	46	57	57	1	2
no_harness	2718	2718	5	46	199	189	70	56	61	61	2	2
no_harness	2718	2718	6	56	182	184	74	54	65	65	2	2
no_harness	2718	2718	7	54	228	231	65	51	69	69	2	2
no_harness	2718	2718	8	51	254	240	73	65	76	76	2	2
no_harness	2718	2718	9	65	265	278	66	52	81	81	2	3
no_harness	2718	2718	10	52	388	283	172	157	84	84	3	3
no_harness	2718	2718	11	157	393	432	133	118	88	91	3	3
no_harness	2718	2718	12	118	402	421	120	99	92	92	3	3
no_harness	2718	2718	13	99	607	589	139	117	93	92	3	3
no_harness	2718	2718	14	117	422	365	195	174	93	91	3	3
no_harness	2718	2718	15	174	497	504	188	167	95	94	3	3
no_harness	2718	2718	16	167	588	577	199	178	95	95	3	3
no_harness	2718	2718	17	178	463	500	162	141	95	95	3	3
no_harness	2718	2718	18	141	468	504	122	105	95	95	3	3
no_harness	2718	2718	19	105	527	555	96	77	96	95	3	3
no_harness	2718	2718	20	77	489	391	195	175	96	96	3	3
harness_first	2718	2718	1	8	51	28	28	31	51	51	0	1
harness_first	2718	2718	2	31	79	75	42	35	53	52	1	1
harness_first	2718	2718	3	35	91	82	55	44	55	55	1	1
harness_first	2718	2718	4	44	153	149	56	48	57	57	1	2
harness_first	2718	2718	5	48	220	206	75	62	63	63	2	2
harness_first	2718	2718	6	62	272	272	78	62	69	69	2	3
harness_first	2718	2718	7	62	313	336	71	39	74	74	3	3
harness_first	2718	2718	8	39	340	322	83	57	79	79	3	3
harness_first	2718	2718	9	57	467	409	139	115	84	84	3	3
harness_first	2718	2718	10	115	536	508	165	143	89	89	3	3
harness_first	2718	2718	11	143	511	585	91	69	92	92	3	3
harness_first	2718	2718	12	69	660	543	209	186	96	95	3	3
harness_first	2718	2718	13	186	682	620	270	248	96	95	3	3
harness_first	2718	2718	14	248	553	618	206	183	95	95	3	3
harness_first	2718	2718	15	183	595	444	358	334	95	94	3	3
harness_first	2718	2718	16	334	614	739	233	209	95	95	3	3
harness_first	2718	2718	17	209	603	433	402	379	95	95	3	3
harness_first	2718	2718	18	379	639	788	254	230	95	95	3	3
harness_first	2718	2718	19	230	591	630	215	191	96	96	3	3
harness_first	2718	2718	20	191	531	522	224	200	96	96	3	3
development_first	2718	2718	1	8	51	28	28	31	51	51	0	1
development_first	2718	2718	2	31	79	75	42	35	53	52	1	1
development_first	2718	2718	3	35	91	82	55	44	55	55	1	1
development_first	2718	2718	4	44	153	152	53	45	58	58	1	2
development_first	2718	2718	5	45	220	205	73	60	63	63	2	2
development_first	2718	2718	6	60	272	277	71	55	69	69	2	3
development_first	2718	2718	7	55	318	330	73	43	75	75	3	3
development_first	2718	2718	8	43	463	341	188	165	82	82	3	3
development_first	2718	2718	9	165	423	524	86	64	87	87	3	3
development_first	2718	2718	10	64	541	461	166	144	91	90	3	3
development_first	2718	2718	11	144	606	568	204	182	94	94	3	3
development_first	2718	2718	12	182	637	566	276	253	95	95	3	3
development_first	2718	2718	13	253	682	862	96	73	95	95	3	3
development_first	2718	2718	14	73	639	454	272	258	96	95	3	3
development_first	2718	2718	15	258	551	645	188	164	96	95	3	3
development_first	2718	2718	16	164	608	572	224	200	96	95	3	3
development_first	2718	2718	17	200	552	616	160	136	97	96	3	3
development_first	2718	2718	18	136	574	449	285	261	97	96	3	3
development_first	2718	2718	19	261	632	710	208	183	97	97	3	3
development_first	2718	2718	20	183	525	434	300	274	97	97	3	3
no_harness	2718	10637	1	8	63	33	36	38	51	51	0	1
no_harness	2718	10637	2	38	106	94	53	50	53	53	1	1
no_harness	2718	10637	3	50	105	105	57	50	55	56	1	1
no_harness	2718	10637	4	50	136	138	56	48	58	58	1	2
no_harness	2718	10637	5	48	171	168	72	51	65	65	2	2
no_harness	2718	10637	6	51	213	203	69	61	69	70	2	2
no_harness	2718	10637	7	61	279	277	73	63	76	76	2	2
no_harness	2718	10637	8	63	254	258	69	59	83	83	2	2
no_harness	2718	10637	9	59	276	272	80	63	85	85	2	3
no_harness	2718	10637	10	63	403	381	105	85	89	88	3	3
no_harness	2718	10637	11	85	485	440	149	130	92	92	3	3
no_harness	2718	10637	12	130	446	497	98	79	94	93	3	3
no_harness	2718	10637	13	79	484	417	165	146	94	93	3	3
no_harness	2718	10637	14	146	565	531	199	180	94	94	3	3
no_harness	2718	10637	15	180	448	442	205	186	94	94	3	3
no_harness	2718	10637	16	186	502	488	219	200	94	93	3	3
no_harness	2718	10637	17	200	465	531	153	134	95	94	3	3
no_harness	2718	10637	18	134	457	495	115	96	95	94	3	3
no_harness	2718	10637	19	96	515	449	182	162	95	95	3	3
no_harness	2718	10637	20	162	477	485	174	154	95	95	3	3
harness_first	2718	10637	1	8	63	37	33	34	51	51	0	1
harness_first	2718	10637	2	34	109	96	52	47	54	54	1	1
harness_first	2718	10637	3	47	107	114	49	40	56	56	1	1
harness_first	2718	10637	4	40	157	138	70	59	59	59	1	2
harness_first	2718	10637	5	59	216	230	64	45	66	66	2	2
harness_first	2718	10637	6	45	296	283	75	58	71	72	2	3
harness_first	2718	10637	7	58	422	368	135	112	78	78	3	3
harness_first	2718	10637	8	112	431	474	94	69	82	82	3	3
harness_first	2718	10637	9	69	507	431	167	145	88	88	3	3
harness_first	2718	10637	10	145	546	626	88	65	94	93	3	3
harness_first	2718	10637	11	65	641	502	228	204	95	95	3	3
harness_first	2718	10637	12	204	535	582	181	157	95	95	3	3
harness_first	2718	10637	13	157	683	591	273	249	95	95	3	3
harness_first	2718	10637	14	249	607	615	265	241	95	95	3	3
harness_first	2718	10637	15	241	614	510	369	345	95	95	3	3
harness_first	2718	10637	16	345	516	571	314	290	95	94	3	3
harness_first	2718	10637	17	290	632	735	212	187	95	95	3	3
harness_first	2718	10637	18	187	556	501	262	242	96	94	3	3
harness_first	2718	10637	19	242	556	615	208	183	96	96	3	3
harness_first	2718	10637	20	183	603	635	175	151	96	96	3	3
development_first	2718	10637	1	8	63	37	33	34	51	51	0	1
development_first	2718	10637	2	34	109	96	52	47	54	54	1	1
development_first	2718	10637	3	47	107	112	51	42	57	57	1	1
development_first	2718	10637	4	42	157	142	68	57	60	59	1	2
development_first	2718	10637	5	57	216	222	70	51	65	65	2	2
development_first	2718	10637	6	51	296	289	75	58	70	71	2	3
development_first	2718	10637	7	58	363	366	78	55	77	77	3	3
development_first	2718	10637	8	55	464	418	123	101	80	80	3	3
development_first	2718	10637	9	101	554	560	118	95	89	89	3	3
development_first	2718	10637	10	95	507	508	96	94	93	93	3	3
development_first	2718	10637	11	94	526	510	135	110	95	94	3	3
development_first	2718	10637	12	110	476	520	90	66	95	94	3	3
development_first	2718	10637	13	66	537	397	231	206	95	94	3	3
development_first	2718	10637	14	206	716	640	302	282	95	94	3	3
development_first	2718	10637	15	282	555	701	161	136	95	94	3	3
development_first	2718	10637	16	136	594	464	286	266	95	93	3	3
development_first	2718	10637	17	266	569	509	347	326	96	96	3	3
development_first	2718	10637	18	326	557	766	138	117	96	94	3	3
development_first	2718	10637	19	117	569	588	108	98	96	96	3	3
development_first	2718	10637	20	98	592	580	132	110	96	96	3	3
no_harness	2718	18556	1	8	50	26	30	32	51	51	0	1
no_harness	2718	18556	2	32	78	62	52	48	51	51	1	2
no_harness	2718	18556	3	48	134	130	66	52	55	55	2	2
no_harness	2718	18556	4	52	139	146	60	45	60	60	2	2
no_harness	2718	18556	5	45	152	146	62	51	65	65	2	2
no_harness	2718	18556	6	51	161	165	62	47	70	71	2	2
no_harness	2718	18556	7	47	238	229	71	56	77	77	2	3
no_harness	2718	18556	8	56	359	329	103	86	82	82	3	3
no_harness	2718	18556	9	86	369	351	123	104	85	85	3	3
no_harness	2718	18556	10	104	449	415	156	138	90	90	3	3
no_harness	2718	18556	11	138	536	493	179	181	94	94	3	3
no_harness	2718	18556	12	181	574	552	222	203	94	92	3	3
no_harness	2718	18556	13	203	660	609	274	254	94	94	3	3
no_harness	2718	18556	14	254	594	586	283	262	94	94	3	3
no_harness	2718	18556	15	262	471	520	234	213	94	93	3	3
no_harness	2718	18556	16	213	552	448	334	317	94	94	3	3
no_harness	2718	18556	17	317	396	551	180	162	95	91	3	3
no_harness	2718	18556	18	162	421	505	96	78	95	95	3	3
no_harness	2718	18556	19	78	463	412	147	129	95	93	3	3
no_harness	2718	18556	20	129	469	430	185	168	96	95	3	3
harness_first	2718	18556	1	8	50	29	28	29	51	51	0	1
harness_first	2718	18556	2	29	81	68	48	42	52	52	1	2
harness_first	2718	18556	3	42	142	141	59	43	56	56	2	2
harness_first	2718	18556	4	43	154	152	64	45	59	59	2	2
harness_first	2718	18556	5	45	156	145	74	56	63	63	2	2
harness_first	2718	18556	6	56	193	196	69	53	68	69	2	2
harness_first	2718	18556	7	53	296	289	78	60	75	75	2	3
harness_first	2718	18556	8	60	402	372	112	90	80	80	3	3
harness_first	2718	18556	9	90	515	510	119	95	84	83	3	3
harness_first	2718	18556	10	95	514	459	177	150	89	89	3	3
harness_first	2718	18556	11	150	455	533	96	72	92	92	3	3
harness_first	2718	18556	12	72	606	499	202	179	95	95	3	3
harness_first	2718	18556	13	179	675	598	279	256	95	95	3	3
harness_first	2718	18556	14	256	491	530	239	217	96	95	3	3
harness_first	2718	18556	15	217	638	550	328	305	95	95	3	3
harness_first	2718	18556	16	305	538	692	175	151	95	95	3	3
harness_first	2718	18556	17	151	498	360	313	289	96	92	3	3
harness_first	2718	18556	18	289	613	680	246	222	96	95	3	3
harness_first	2718	18556	19	222	585	396	435	411	96	96	3	3
harness_first	2718	18556	20	411	535	638	332	308	97	97	3	3
development_first	2718	18556	1	8	50	29	28	29	51	51	0	1
development_first	2718	18556	2	29	81	68	48	42	52	52	1	2
development_first	2718	18556	3	42	142	146	54	38	56	56	2	2
development_first	2718	18556	4	38	172	160	69	50	60	60	2	2
development_first	2718	18556	5	50	192	187	71	55	64	64	2	2
development_first	2718	18556	6	55	208	216	67	47	70	70	2	2
development_first	2718	18556	7	47	289	270	89	66	76	76	2	3
development_first	2718	18556	8	66	384	362	113	88	81	81	3	3
development_first	2718	18556	9	88	436	461	90	63	86	86	3	3
development_first	2718	18556	10	63	577	430	213	210	91	91	3	3
development_first	2718	18556	11	210	589	639	184	160	95	95	3	3
development_first	2718	18556	12	160	640	550	274	250	95	95	3	3
development_first	2718	18556	13	250	588	549	313	289	95	95	3	3
development_first	2718	18556	14	289	736	738	307	287	95	95	3	3
development_first	2718	18556	15	287	660	767	202	180	95	95	3	3
development_first	2718	18556	16	180	616	457	362	339	95	94	3	3
development_first	2718	18556	17	339	633	692	303	280	96	95	3	3
development_first	2718	18556	18	280	536	481	358	335	96	96	3	3
development_first	2718	18556	19	335	601	844	116	92	96	95	3	3
development_first	2718	18556	20	92	558	316	359	334	97	95	3	3
no_harness	6060	6060	1	8	67	44	33	31	49	49	0	1
no_harness	6060	6060	2	31	113	98	50	46	52	52	1	2
no_harness	6060	6060	3	46	135	131	71	50	56	56	2	2
no_harness	6060	6060	4	50	149	158	63	41	58	58	2	2
no_harness	6060	6060	5	41	152	136	73	57	62	62	2	2
no_harness	6060	6060	6	57	246	236	86	67	64	64	2	3
no_harness	6060	6060	7	67	286	297	94	56	69	69	3	3
no_harness	6060	6060	8	56	328	318	94	66	76	75	3	3
no_harness	6060	6060	9	66	339	352	86	53	81	81	3	3
no_harness	6060	6060	10	53	451	384	145	120	87	86	3	3
no_harness	6060	6060	11	120	428	444	125	104	90	90	3	3
no_harness	6060	6060	12	104	466	467	124	103	92	92	3	3
no_harness	6060	6060	13	103	465	442	147	126	94	94	3	3
no_harness	6060	6060	14	126	451	512	86	65	94	94	3	3
no_harness	6060	6060	15	65	542	449	175	158	94	94	3	3
no_harness	6060	6060	16	158	415	490	105	83	94	94	3	3
no_harness	6060	6060	17	83	467	452	116	98	94	93	3	3
no_harness	6060	6060	18	98	504	460	159	142	95	92	3	3
no_harness	6060	6060	19	142	548	516	193	174	95	95	3	3
no_harness	6060	6060	20	174	490	524	159	140	95	95	3	3
harness_first	6060	6060	1	8	67	48	30	27	49	49	0	1
harness_first	6060	6060	2	27	126	109	50	44	52	53	1	2
harness_first	6060	6060	3	44	142	148	61	38	57	57	2	2
harness_first	6060	6060	4	38	169	158	67	49	61	61	2	2
harness_first	6060	6060	5	49	220	213	75	56	66	66	2	3
harness_first	6060	6060	6	56	336	336	80	56	73	72	3	3
harness_first	6060	6060	7	56	317	320	83	53	78	78	3	3
harness_first	6060	6060	8	53	392	379	84	66	85	83	3	3
harness_first	6060	6060	9	66	405	413	76	58	88	87	3	3
harness_first	6060	6060	10	58	539	452	169	145	91	90	3	3
harness_first	6060	6060	11	145	597	637	130	105	93	93	3	3
harness_first	6060	6060	12	105	612	536	206	181	95	94	3	3
harness_first	6060	6060	13	181	551	566	190	166	95	95	3	3
harness_first	6060	6060	14	166	614	673	131	107	95	94	3	3
harness_first	6060	6060	15	107	485	474	142	118	95	94	3	3
harness_first	6060	6060	16	118	637	574	206	181	95	95	3	3
harness_first	6060	6060	17	181	559	584	180	156	94	94	3	3
harness_first	6060	6060	18	156	655	620	211	191	96	95	3	3
harness_first	6060	6060	19	191	607	426	392	372	96	95	3	3
harness_first	6060	6060	20	372	716	755	354	333	96	95	3	3
development_first	6060	6060	1	8	67	48	30	27	49	49	0	1
development_first	6060	6060	2	27	124	112	47	39	52	53	1	2
development_first	6060	6060	3	39	141	144	59	36	57	57	2	2
development_first	6060	6060	4	36	168	149	73	55	61	61	2	2
development_first	6060	6060	5	55	220	224	70	51	67	67	2	3
development_first	6060	6060	6	51	336	332	79	55	73	72	3	3
development_first	6060	6060	7	55	313	316	81	52	78	78	3	3
development_first	6060	6060	8	52	384	378	76	58	85	84	3	3
development_first	6060	6060	9	58	409	412	73	55	88	87	3	3
development_first	6060	6060	10	55	539	448	170	146	91	91	3	3
development_first	6060	6060	11	146	598	639	130	105	94	93	3	3
development_first	6060	6060	12	105	611	541	200	175	95	94	3	3
development_first	6060	6060	13	175	596	543	252	228	95	94	3	3
development_first	6060	6060	14	228	569	572	249	225	95	94	3	3
development_first	6060	6060	15	225	485	510	224	200	94	93	3	3
development_first	6060	6060	16	200	637	630	232	207	95	95	3	3
development_first	6060	6060	17	207	600	599	232	208	96	95	3	3
development_first	6060	6060	18	208	568	632	164	144	96	95	3	3
development_first	6060	6060	19	144	656	586	236	214	96	95	3	3
development_first	6060	6060	20	214	567	463	340	318	96	93	3	3
no_harness	6060	13979	1	8	62	29	37	41	51	51	0	0
no_harness	6060	13979	2	41	77	67	49	51	50	50	0	1
no_harness	6060	13979	3	51	110	114	57	47	53	53	1	2
no_harness	6060	13979	4	47	178	189	49	36	57	57	2	2
no_harness	6060	13979	5	36	185	162	73	59	61	61	2	2
no_harness	6060	13979	6	59	205	199	73	65	68	69	2	2
no_harness	6060	13979	7	65	257	274	62	48	72	71	2	3
no_harness	6060	13979	8	48	266	260	75	54	77	77	3	3
no_harness	6060	13979	9	54	287	272	89	69	83	83	3	3
no_harness	6060	13979	10	69	341	321	104	89	87	87	3	3
no_harness	6060	13979	11	89	435	386	158	138	89	89	3	3
no_harness	6060	13979	12	138	520	497	181	161	92	92	3	3
no_harness	6060	13979	13	161	398	488	91	71	94	94	3	3
no_harness	6060	13979	14	71	432	385	138	118	95	94	3	3
no_harness	6060	13979	15	118	488	497	130	109	95	93	3	3
no_harness	6060	13979	16	109	522	363	285	268	94	93	3	3
no_harness	6060	13979	17	268	581	665	202	184	94	93	3	3
no_harness	6060	13979	18	184	581	589	195	176	95	94	3	3
no_harness	6060	13979	19	176	432	463	164	145	95	95	3	3
no_harness	6060	13979	20	145	475	429	211	191	96	95	3	3
harness_first	6060	13979	1	8	62	35	32	35	51	51	0	0
harness_first	6060	13979	2	35	81	66	49	50	51	51	0	1
harness_first	6060	13979	3	50	110	110	59	50	54	54	1	1
harness_first	6060	13979	4	50	130	137	52	43	58	58	1	1
harness_first	6060	13979	5	43	178	159	70	62	61	61	1	2
harness_first	6060	13979	6	62	236	242	75	56	65	65	2	3
harness_first	6060	13979	7	56	318	327	83	47	72	72	3	3
harness_first	6060	13979	8	47	358	337	88	68	77	77	3	3
harness_first	6060	13979	9	68	326	341	77	53	81	81	3	3
harness_first	6060	13979	10	53	431	412	96	72	87	87	3	3
harness_first	6060	13979	11	72	508	481	123	99	92	92	3	3
harness_first	6060	13979	12	99	590	505	209	184	95	95	3	3
harness_first	6060	13979	13	184	671	586	290	269	95	95	3	3
harness_first	6060	13979	14	269	708	701	298	276	95	94	3	3
harness_first	6060	13979	15	276	588	790	96	74	95	92	3	3
harness_first	6060	13979	16	74	486	490	92	70	95	95	3	3
harness_first	6060	13979	17	70	526	411	207	185	96	95	3	3
harness_first	6060	13979	18	185	625	622	210	188	96	95	3	3
harness_first	6060	13979	19	188	653	635	228	206	96	95	3	3
harness_first	6060	13979	20	206	668	422	475	452	96	93	3	3
development_first	6060	13979	1	8	62	35	32	35	51	51	0	0
development_first	6060	13979	2	35	81	66	49	50	51	51	0	1
development_first	6060	13979	3	50	114	118	55	46	55	55	1	1
development_first	6060	13979	4	46	134	140	50	40	58	58	1	2
development_first	6060	13979	5	40	253	231	78	62	62	63	2	3
development_first	6060	13979	6	62	308	319	80	51	68	68	3	2
development_first	6060	13979	7	51	235	232	74	54	73	74	2	2
development_first	6060	13979	8	54	323	312	90	65	77	77	2	3
development_first	6060	13979	9	65	459	465	88	59	83	83	3	3
development_first	6060	13979	10	59	421	408	96	72	88	88	3	3
development_first	6060	13979	11	72	495	439	154	128	91	91	3	3
development_first	6060	13979	12	128	578	562	168	144	93	92	3	3
development_first	6060	13979	13	144	548	539	177	153	95	95	3	3
development_first	6060	13979	14	153	745	717	205	181	95	95	3	3
development_first	6060	13979	15	181	564	605	160	140	95	94	3	3
development_first	6060	13979	16	140	518	507	176	151	95	95	3	3
development_first	6060	13979	17	151	674	550	295	275	96	95	3	3
development_first	6060	13979	18	275	437	630	107	82	96	96	3	3
development_first	6060	13979	19	82	534	542	95	74	96	95	3	3
development_first	6060	13979	20	74	607	410	292	271	96	95	3	3
no_harness	6060	21898	1	8	57	28	36	37	50	50	0	0
no_harness	6060	21898	2	37	89	78	50	48	52	52	0	1
no_harness	6060	21898	3	48	125	135	48	38	54	54	1	2
no_harness	6060	21898	4	38	154	139	70	53	56	56	2	1
no_harness	6060	21898	5	53	140	138	63	55	59	59	1	1
no_harness	6060	21898	6	55	174	174	60	55	63	63	1	1
no_harness	6060	21898	7	55	187	189	61	53	65	65	1	2
no_harness	6060	21898	8	53	272	265	73	60	70	70	2	3
no_harness	6060	21898	9	60	304	301	92	63	74	73	3	3
no_harness	6060	21898	10	63	335	338	96	60	77	77	3	3
no_harness	6060	21898	11	60	429	389	122	100	85	84	3	3
no_harness	6060	21898	12	100	412	433	96	79	90	90	3	3
no_harness	6060	21898	13	79	580	521	156	138	93	89	3	3
no_harness	6060	21898	14	138	366	427	95	77	93	89	3	3
no_harness	6060	21898	15	77	526	427	194	176	93	90	3	3
no_harness	6060	21898	16	176	479	525	148	130	91	89	3	3
no_harness	6060	21898	17	130	551	515	185	166	95	92	3	3
no_harness	6060	21898	18	166	529	528	187	167	95	95	3	3
no_harness	6060	21898	19	167	536	479	244	224	95	95	3	3
no_harness	6060	21898	20	224	520	520	245	224	95	95	3	3
harness_first	6060	21898	1	8	59	34	32	33	50	50	0	0
harness_first	6060	21898	2	33	90	78	48	45	52	52	0	1
harness_first	6060	21898	3	45	133	140	50	38	55	55	1	2
harness_first	6060	21898	4	38	167	158	66	47	58	58	2	1
harness_first	6060	21898	5	47	167	160	65	54	62	62	1	2
harness_first	6060	21898	6	54	185	195	70	44	68	68	2	2
harness_first	6060	21898	7	44	209	193	74	60	73	73	2	2
harness_first	6060	21898	8	60	288	292	74	56	78	78	2	3
harness_first	6060	21898	9	56	489	373	191	172	80	80	3	3
harness_first	6060	21898	10	172	393	490	96	75	86	86	3	3
harness_first	6060	21898	11	75	572	560	109	87	93	93	3	3
harness_first	6060	21898	12	87	486	506	89	67	95	94	3	3
harness_first	6060	21898	13	67	547	431	204	183	95	95	3	3
harness_first	6060	21898	14	183	641	586	259	238	95	94	3	3
harness_first	6060	21898	15	238	564	654	169	148	95	94	3	3
harness_first	6060	21898	16	148	617	558	228	207	96	95	3	3
harness_first	6060	21898	17	207	578	629	176	156	95	95	3	3
harness_first	6060	21898	18	156	477	570	88	63	96	96	3	3
harness_first	6060	21898	19	63	509	497	96	75	96	96	3	3
harness_first	6060	21898	20	75	583	310	368	348	97	96	3	3
development_first	6060	21898	1	8	59	34	32	33	50	50	0	0
development_first	6060	21898	2	33	90	78	48	45	52	52	0	1
development_first	6060	21898	3	45	133	140	50	38	55	55	1	2
development_first	6060	21898	4	38	167	159	65	46	58	58	2	1
development_first	6060	21898	5	46	167	161	63	52	62	62	1	2
development_first	6060	21898	6	52	198	200	70	50	68	68	2	2
development_first	6060	21898	7	50	314	309	71	55	74	74	2	3
development_first	6060	21898	8	55	316	337	71	34	78	78	3	3
development_first	6060	21898	9	34	335	308	87	61	79	79	3	3
development_first	6060	21898	10	61	487	406	168	142	83	83	3	3
development_first	6060	21898	11	142	611	572	183	181	90	90	3	3
development_first	6060	21898	12	181	592	591	205	182	93	93	3	3
development_first	6060	21898	13	182	566	674	98	74	94	93	3	3
development_first	6060	21898	14	74	488	449	137	113	95	95	3	3
development_first	6060	21898	15	113	482	527	92	68	96	95	3	3
development_first	6060	21898	16	68	515	485	122	98	96	95	3	3
development_first	6060	21898	17	98	561	507	177	152	94	92	3	3
development_first	6060	21898	18	152	592	553	215	191	95	95	3	3
development_first	6060	21898	19	191	661	636	236	216	95	95	3	3
development_first	6060	21898	20	216	718	682	273	252	96	96	3	3
no_harness	8123	8123	1	8	33	15	28	26	51	51	0	0
no_harness	8123	8123	2	26	67	52	41	41	52	52	0	1
no_harness	8123	8123	3	41	84	91	45	34	54	54	1	1
no_harness	8123	8123	4	34	76	68	50	42	56	55	1	0
no_harness	8123	8123	5	42	87	90	45	39	57	57	0	1
no_harness	8123	8123	6	39	153	136	62	56	58	58	1	2
no_harness	8123	8123	7	56	225	219	74	62	64	62	2	2
no_harness	8123	8123	8	62	224	234	70	52	67	67	2	2
no_harness	8123	8123	9	52	204	197	74	59	68	68	2	2
no_harness	8123	8123	10	59	234	240	70	53	72	72	2	3
no_harness	8123	8123	11	53	292	282	80	63	79	79	3	3
no_harness	8123	8123	12	63	323	287	94	99	84	83	3	3
no_harness	8123	8123	13	99	377	361	131	115	85	84	3	3
no_harness	8123	8123	14	115	464	416	184	163	88	85	3	3
no_harness	8123	8123	15	163	478	520	120	121	93	89	3	3
no_harness	8123	8123	16	121	469	501	110	89	94	91	3	3
no_harness	8123	8123	17	89	445	435	119	99	93	91	3	3
no_harness	8123	8123	18	99	535	462	192	172	93	92	3	3
no_harness	8123	8123	19	172	499	538	153	133	94	93	3	3
no_harness	8123	8123	20	133	474	501	127	106	95	94	3	3
harness_first	8123	8123	1	8	32	12	31	28	51	51	0	0
harness_first	8123	8123	2	28	73	67	34	34	52	52	0	1
harness_first	8123	8123	3	34	86	93	40	27	54	54	1	1
harness_first	8123	8123	4	27	81	63	55	45	56	56	1	0
harness_first	8123	8123	5	45	112	108	55	49	59	58	0	1
harness_first	8123	8123	6	49	183	181	59	51	61	61	1	2
harness_first	8123	8123	7	51	206	211	66	46	65	64	2	2
harness_first	8123	8123	8	46	268	262	68	52	69	69	2	3
harness_first	8123	8123	9	52	378	365	95	65	74	73	3	3
harness_first	8123	8123	10	65	293	303	91	55	80	80	3	3
harness_first	8123	8123	11	55	460	450	86	65	86	85	3	3
harness_first	8123	8123	12	65	575	481	181	159	90	90	3	3
harness_first	8123	8123	13	159	493	586	88	66	92	91	3	3
harness_first	8123	8123	14	66	517	428	176	155	92	92	3	3
harness_first	8123	8123	15	155	643	599	199	199	95	92	3	3
harness_first	8123	8123	16	199	574	624	171	149	95	92	3	3
harness_first	8123	8123	17	149	591	547	215	193	96	93	3	3
harness_first	8123	8123	18	193	605	612	207	186	96	93	3	3
harness_first	8123	8123	19	186	679	596	291	269	96	94	3	3
harness_first	8123	8123	20	269	691	667	316	293	96	95	3	3
development_first	8123	8123	1	8	32	12	31	28	51	51	0	0
development_first	8123	8123	2	28	73	67	34	34	52	52	0	1
development_first	8123	8123	3	34	86	93	40	27	54	54	1	1
development_first	8123	8123	4	27	81	75	43	33	56	56	1	0
development_first	8123	8123	5	33	112	102	49	43	59	58	0	1
development_first	8123	8123	6	43	179	160	71	62	60	60	1	2
development_first	8123	8123	7	62	208	228	66	42	65	64	2	2
development_first	8123	8123	8	42	267	252	75	57	68	69	2	3
development_first	8123	8123	9	57	347	358	73	46	74	74	3	3
development_first	8123	8123	10	46	397	382	86	61	79	79	3	3
development_first	8123	8123	11	61	460	411	132	110	86	86	3	3
development_first	8123	8123	12	110	482	499	115	93	91	91	3	3
development_first	8123	8123	13	93	582	515	182	160	93	92	3	3
development_first	8123	8123	14	160	526	538	170	148	94	93	3	3
development_first	8123	8123	15	148	605	548	227	205	95	95	3	3
development_first	8123	8123	16	205	706	720	214	191	95	95	3	3
development_first	8123	8123	17	191	748	710	252	229	95	94	3	3
development_first	8123	8123	18	229	663	680	236	212	95	95	3	3
development_first	8123	8123	19	212	601	626	211	187	96	96	3	3
development_first	8123	8123	20	187	566	444	334	309	96	96	3	3
no_harness	8123	16042	1	8	49	19	36	38	50	50	0	1
no_harness	8123	16042	2	38	85	74	54	49	53	53	1	1
no_harness	8123	16042	3	49	131	135	53	45	56	56	1	2
no_harness	8123	16042	4	45	156	149	68	52	60	60	2	2
no_harness	8123	16042	5	52	171	174	68	49	67	67	2	3
no_harness	8123	16042	6	49	270	257	83	62	71	71	3	3
no_harness	8123	16042	7	62	259	261	84	60	76	76	3	3
no_harness	8123	16042	8	60	343	336	82	67	81	81	3	3
no_harness	8123	16042	9	67	316	318	80	65	85	85	3	3
no_harness	8123	16042	10	65	358	319	125	104	88	88	3	3
no_harness	8123	16042	11	104	451	486	90	69	92	92	3	3
no_harness	8123	16042	12	69	499	394	195	174	94	93	3	3
no_harness	8123	16042	13	174	452	460	187	166	94	93	3	3
no_harness	8123	16042	14	166	547	586	148	127	93	93	3	3
no_harness	8123	16042	15	127	509	441	195	195	94	94	3	3
no_harness	8123	16042	16	195	558	582	192	171	95	95	3	3
no_harness	8123	16042	17	171	455	505	138	121	95	94	3	3
no_harness	8123	16042	18	121	482	469	152	134	95	92	3	3
no_harness	8123	16042	19	134	470	502	121	102	95	94	3	3
no_harness	8123	16042	20	102	516	442	195	176	96	96	3	3
harness_first	8123	16042	1	8	49	23	33	34	50	50	0	1
harness_first	8123	16042	2	34	63	63	41	34	53	53	1	1
harness_first	8123	16042	3	34	119	102	57	51	55	55	1	2
harness_first	8123	16042	4	51	169	173	61	47	60	60	2	2
harness_first	8123	16042	5	47	179	174	72	52	63	64	2	2
harness_first	8123	16042	6	52	265	255	73	62	69	69	2	2
harness_first	8123	16042	7	62	243	247	74	58	74	74	2	2
harness_first	8123	16042	8	58	277	278	74	57	77	77	2	3
harness_first	8123	16042	9	57	447	372	154	132	84	84	3	3
harness_first	8123	16042	10	132	578	564	169	146	90	90	3	3
harness_first	8123	16042	11	146	549	552	167	143	92	92	3	3
harness_first	8123	16042	12	143	617	607	177	153	95	94	3	3
harness_first	8123	16042	13	153	660	570	267	243	95	94	3	3
harness_first	8123	16042	14	243	709	816	161	136	94	94	3	3
harness_first	8123	16042	15	136	597	508	250	225	94	94	3	3
harness_first	8123	16042	16	225	523	586	182	162	95	95	3	3
harness_first	8123	16042	17	162	582	398	367	346	95	95	3	3
harness_first	8123	16042	18	346	486	746	107	86	95	91	3	3
harness_first	8123	16042	19	86	591	510	189	167	97	96	3	3
harness_first	8123	16042	20	167	505	467	227	205	97	96	3	3
development_first	8123	16042	1	8	49	23	33	34	50	50	0	1
development_first	8123	16042	2	34	63	63	41	34	53	53	1	1
development_first	8123	16042	3	34	119	102	57	51	55	55	1	2
development_first	8123	16042	4	51	169	171	63	49	60	60	2	2
development_first	8123	16042	5	49	180	183	66	46	63	65	2	2
development_first	8123	16042	6	46	265	247	75	64	69	69	2	2
development_first	8123	16042	7	64	232	241	71	55	74	74	2	2
development_first	8123	16042	8	55	266	262	76	59	77	77	2	3
development_first	8123	16042	9	59	363	372	74	50	83	83	3	3
development_first	8123	16042	10	50	439	424	88	65	89	88	3	3
development_first	8123	16042	11	65	478	480	86	63	92	91	3	3
development_first	8123	16042	12	63	584	457	212	190	94	94	3	3
development_first	8123	16042	13	190	613	602	224	201	94	94	3	3
development_first	8123	16042	14	201	524	561	187	164	94	93	3	3
development_first	8123	16042	15	164	659	588	261	235	94	93	3	3
development_first	8123	16042	16	235	650	617	292	268	94	93	3	3
development_first	8123	16042	17	268	555	750	94	73	95	83	3	3
development_first	8123	16042	18	73	482	441	135	114	89	81	3	3
development_first	8123	16042	19	114	418	466	94	66	88	88	3	3
development_first	8123	16042	20	66	668	547	210	187	91	91	3	3
no_harness	8123	23961	1	8	43	18	31	33	50	50	0	1
no_harness	8123	23961	2	33	71	62	47	42	51	51	1	1
no_harness	8123	23961	3	42	71	81	42	32	51	51	1	1
no_harness	8123	23961	4	32	69	54	55	47	53	53	1	1
no_harness	8123	23961	5	47	143	133	63	57	57	57	1	2
no_harness	8123	23961	6	57	171	180	65	48	62	62	2	1
no_harness	8123	23961	7	48	169	161	64	56	66	66	1	2
no_harness	8123	23961	8	56	256	250	81	62	69	69	2	3
no_harness	8123	23961	9	62	363	353	96	72	74	72	3	3
no_harness	8123	23961	10	72	392	394	92	70	78	78	3	3
no_harness	8123	23961	11	70	448	353	185	165	86	86	3	3
no_harness	8123	23961	12	165	424	520	90	69	89	89	3	3
no_harness	8123	23961	13	69	477	442	125	104	92	92	3	3
no_harness	8123	23961	14	104	550	484	187	170	94	94	3	3
no_harness	8123	23961	15	170	552	635	105	87	95	94	3	3
no_harness	8123	23961	16	87	474	372	207	189	95	95	3	3
no_harness	8123	23961	17	189	458	496	169	151	95	95	3	3
no_harness	8123	23961	18	151	450	495	124	106	95	95	3	3
no_harness	8123	23961	19	106	513	338	300	281	95	95	3	3
no_harness	8123	23961	20	281	547	574	274	254	95	91	3	3
harness_first	8123	23961	1	8	43	21	29	30	51	50	0	1
harness_first	8123	23961	2	30	72	66	43	36	51	51	1	1
harness_first	8123	23961	3	36	67	67	45	36	51	50	1	1
harness_first	8123	23961	4	36	77	82	42	31	54	54	1	1
harness_first	8123	23961	5	31	166	150	55	47	58	58	1	2
harness_first	8123	23961	6	47	180	182	68	45	62	62	2	2
harness_first	8123	23961	7	45	227	214	78	58	66	67	2	3
harness_first	8123	23961	8	58	305	320	79	43	72	72	3	3
harness_first	8123	23961	9	43	300	290	84	53	80	78	3	3
harness_first	8123	23961	10	53	421	334	160	140	82	82	3	3
harness_first	8123	23961	11	140	443	479	124	104	87	87	3	3
harness_first	8123	23961	12	104	500	472	155	132	93	93	3	3
harness_first	8123	23961	13	132	533	555	132	110	95	95	3	3
harness_first	8123	23961	14	110	606	528	211	188	95	95	3	3
harness_first	8123	23961	15	188	596	595	212	189	95	95	3	3
harness_first	8123	23961	16	189	639	526	326	302	96	95	3	3
harness_first	8123	23961	17	302	601	579	349	324	96	95	3	3
harness_first	8123	23961	18	324	588	664	268	248	95	95	3	3
harness_first	8123	23961	19	248	697	606	360	339	96	95	3	3
harness_first	8123	23961	20	339	550	542	368	347	96	96	3	3
development_first	8123	23961	1	8	43	21	29	30	51	50	0	1
development_first	8123	23961	2	30	72	66	43	36	51	51	1	1
development_first	8123	23961	3	36	67	67	45	36	51	50	1	1
development_first	8123	23961	4	36	77	82	42	31	54	54	1	1
development_first	8123	23961	5	31	166	147	58	50	58	58	1	2
development_first	8123	23961	6	50	178	181	65	47	62	62	2	1
development_first	8123	23961	7	47	200	187	70	60	66	67	1	2
development_first	8123	23961	8	60	245	246	77	59	70	69	2	3
development_first	8123	23961	9	59	345	348	83	56	75	75	3	3
development_first	8123	23961	10	56	378	365	91	69	83	83	3	3
development_first	8123	23961	11	69	473	443	122	99	88	88	3	3
development_first	8123	23961	12	99	560	562	121	97	91	91	3	3
development_first	8123	23961	13	97	435	469	87	63	94	94	3	3
development_first	8123	23961	14	63	527	469	144	121	95	95	3	3
development_first	8123	23961	15	121	630	505	269	246	95	94	3	3
development_first	8123	23961	16	246	688	694	264	240	95	94	3	3
development_first	8123	23961	17	240	613	663	215	190	95	95	3	3
development_first	8123	23961	18	190	621	485	347	326	96	95	3	3
development_first	8123	23961	19	326	499	615	231	210	96	95	3	3
development_first	8123	23961	20	210	560	625	166	145	96	95	3	3
